426 712
534 863
604 79
711 229
782 330
888 479
977 604
1066 729
1155 854
1255 87
1343 212
1450 362
1521 462
1627 612
1697 711
1804 861
1935 62
2042 212
2113 337
2220 462
2327 613
2398 712
2505 862
2561 79
2667 229
2738 354
2845 479
2934 604
3040 754
3111 853
3201 111
3272 211
3378 361
3448 461
3554 611
25 736
131 861
278 62
385 212
491 362
563 462
669 612
741 737
847 862
917 67
1023 216
1094 316
1200 466
1289 591
1396 741
1467 841
1550 112
1620 212
1726 362
1797 462
1903 612
1974 737
2080 862
2171 88
2260 213
2365 363
2435 462
2541 613
2629 737
2717 863
2865 87
2953 212
3042 337
3148 487
3219 587
3325 737
3396 837
3464 111
3534 211
40 361
127 485
233 635
303 735
409 885
478 113
565 237
653 363
740 487
827 612
915 737
1020 887
1128 87
1215 237
1303 337
1408 487
1478 587
1584 737
1671 861
1699 110
1786 235
1873 360
1960 485
2064 635
2134 735
2238 885
2301 112
2387 237
2473 387
2560 487
2663 637
2732 737
2835 886
2938 87
3042 237
3128 362
3215 487
3301 612
3405 762
3474 862
3529 135
3598 235
101 385
169 510
272 635
375 785
444 885
500 113
584 237
686 387
754 487
857 637
925 737
1027 887
1057 87
1158 237
1226 337
1327 487
1411 612
1496 762
1580 862
1700 110
1784 234
1886 384
1954 484
2056 634
2124 734
2225 884
2289 113
2372 237
2473 387
2541 487
2642 637
2726 762
2810 887
2847 112
2947 237
3030 361
3131 512
3214 636
3298 761
3440 35
3507 134
9 285
75 384
176 534
260 659
344 784
428 909
482 138
566 263
649 388
732 512
832 662
898 762
998 912
1055 112
1155 262
1221 362
1321 512
1387 612
1487 762
1570 887
1686 134
1786 284
1853 384
1953 534
2020 634
2120 784
2202 908
2288 137
2371 262
2454 387
2537 512
2637 662
2703 762
2796 12
2862 112
2961 262
3028 362
3127 512
3210 637
3292 762
3386 33
3451 132
3551 283
16 382
116 533
198 657
281 783
439 12
522 137
605 262
689 387
772 512
872 662
938 762
1038 912
1110 112
1209 262
1276 362
1376 512
1442 612
1542 762
1625 887
1714 132
1813 282
1880 382
1979 532
2063 657
2146 782
2300 13
2384 138
2467 262
2550 387
2651 537
2734 662
2818 787
2919 13
3002 137
3086 262
3169 387
3269 537
3336 637
3437 787
3535 32
18 157
119 307
186 407
286 556
353 656
453 806
601 13
701 162
769 262
870 412
954 537
1039 662
1123 787
1232 13
1316 138
1401 263
1485 388
1587 538
1654 637
1755 787
1862 32
1946 156
2047 306
2115 406
2217 556
2284 656
2386 806
2485 11
2587 161
2671 286
2756 411
2841 536
2943 686
3010 785
3200 37
3269 137
3372 287
3440 387
3543 537
11 662
114 787
213 56
299 156
401 306
470 406
573 556
658 681
744 806
839 36
924 161
1010 286
1112 436
1181 536
1283 686
1352 786
1552 37
1621 138
1724 287
1811 412
1897 537
2001 687
2087 812
2194 56
2280 180
2367 306
2470 455
2557 580
2643 705
2747 855
2846 62
2950 212
3020 312
3124 462
3193 587
3297 712
3384 837
3464 63
3567 213
36 313
140 463
226 587
313 737
398 837
573 80
661 205
765 355
836 480
940 605
1027 730
1115 880
1239 87
1327 212
1414 337
1519 487
1607 612
1693 736
1799 887
1869 87
1973 237
2043 337
2148 487
2218 587
2322 737
2410 862
2578 105
2667 230
2772 380
2843 480
2949 630
3019 729
3124 879
3198 86
3304 236
3410 387
3479 486
3586 637
55 736
161 886
243 112
347 237
435 362
523 487
610 612
716 762
785 861
978 104
1067 229
1174 379
1245 479
1352 629
1423 729
1530 879
1584 87
1690 237
1796 387
1867 487
1973 637
2044 737
2150 887
2228 88
2351 263
2421 362
2527 512
2598 612
2704 762
2792 887
2899 129
2970 254
3076 379
3164 504
3270 654
3341 754
3447 904
18 137
107 261
197 387
285 511
375 637
463 761
570 911
629 112
736 262
807 362
913 512
984 612
1091 762
1180 887
1255 116
1325 216
1432 366
1502 490
1608 615
1696 740
1802 890
1952 138
2023 237
2131 388
2219 512
2308 637
2397 762
2504 912
2574 113
2680 263
2751 363
2857 513
2928 612
3034 762
3123 887
3184 112
3255 237
3361 362
3449 487
3537 612
25 737
131 887
280 136
369 261
457 386
546 511
635 636
723 760
813 886
903 112
991 237
1080 362
1186 512
1256 612
1363 762
1433 862
1515 112
1585 212
1691 362
1761 487
1867 612
1954 737
2042 887
2142 136
2229 260
2334 410
2404 510
2510 660
2580 760
2750 12
2820 112
2926 262
3014 387
3102 512
3191 637
3297 787
3367 887
3446 137
3533 236
39 386
109 486
215 636
321 787
385 11
490 160
560 260
666 410
736 510
841 660
911 785
1081 13
1152 113
1258 263
1327 362
1434 513
1521 637
1627 787
1698 887
1778 112
1866 237
1971 387
2041 487
2147 637
2252 787
2330 11
2436 161
2506 261
2612 411
2682 511
2787 660
2875 785
3054 13
3142 137
3231 262
3319 387
3426 537
3497 637
3 787
92 912
168 137
238 237
344 387
450 537
521 637
627 787
702 10
807 159
878 260
984 409
1072 534
1160 659
1249 784
1356 13
1444 138
1550 288
1621 388
1726 538
1797 638
1903 788
1973 912
2171 162
2261 288
2349 412
2438 538
2526 662
2633 812
2704 34
2811 184
2882 284
2988 434
3059 534
3166 684
3255 809
3358 38
3446 162
3535 287
23 412
112 562
201 662
307 812
467 38
556 162
645 287
734 412
823 537
913 662
1020 812
1074 34
1163 184
1252 283
1358 433
1430 533
1536 683
1625 808
1714 37
1803 162
1891 287
1980 412
2086 562
2157 662
2263 812
2355 42
2444 167
2532 292
2620 416
2726 566
2797 666
2903 816
3048 33
3155 183
3226 283
3334 433
3423 558
3512 683
1 808
71 38
160 163
248 288
337 413
443 563
514 662
620 812
713 38
800 162
890 288
977 412
1067 538
1154 662
1260 812
1375 32
1482 182
1553 282
1659 432
1731 532
1837 682
1926 806
2044 62
2115 162
2222 312
2293 412
2400 562
2507 713
2577 812
2646 67
2717 167
2822 317
2893 417
2999 567
3087 692
3175 817
3312 57
3401 183
3489 307
3595 457
66 557
173 707
244 807
335 62
405 162
511 312
599 437
687 562
793 712
863 812
932 63
1019 162
1124 312
1194 412
1299 562
1369 662
1475 813
1504 57
1591 182
1678 307
1782 457
1852 557
1956 707
2025 807
2172 63
2242 163
2346 313
2415 412
2519 562
2624 713
2693 812
2774 62
2843 162
2948 313
3016 412
3120 562
3206 687
3310 837
3330 57
3433 207
3502 307
5 457
73 581
175 706
261 831
370 62
456 187
542 312
627 437
713 562
816 712
902 837
947 63
1015 188
1117 313
1202 438
1287 563
1371 687
1473 837
1507 81
1592 206
1676 331
1777 481
1845 581
1946 731
2013 856
2176 87
2261 212
2345 337
2447 487
2515 587
2616 737
2701 861
2752 87
2836 212
2937 362
3005 462
3105 612
3190 737
3274 862
3314 106
3398 231
3481 356
3581 506
65 631
148 756
248 906
300 111
400 261
466 361
566 511
633 612
732 761
815 886
961 112
1044 237
1128 362
1211 487
1312 637
1379 737
1479 887
1537 131
1619 255
1703 381
1786 505
1886 656
1952 755
2055 13
2120 112
2220 262
2303 387
2386 512
2469 637
2568 787
2634 887
2798 137
2865 237
2965 387
3031 486
3131 636
3215 761
3289 6
3373 156
3439 255
3540 406
5 505
105 655
188 780
274 12
357 137
440 262
523 387
606 512
688 636
788 787
870 911
1032 137
1099 262
1199 387
1282 512
1366 637
1449 762
1546 5
1635 155
1718 280
1802 405
1885 530
1985 680
2052 779
2165 36
2231 136
2331 286
2398 386
2498 536
2581 661
2665 786
2768 12
2851 137
2935 262
3035 412
3101 512
3201 662
3268 762
3439 30
3523 155
7 279
108 429
175 529
276 679
343 779
466 37
533 137
634 287
718 412
802 537
886 662
970 787
1069 13
1153 138
1236 262
1337 412
1404 512
1505 662
1572 762
1767 30
1852 155
1936 279
2038 429
2106 529
2209 679
2277 779
2419 37
2487 137
2590 287
2674 411
2760 536
2845 661
2947 811
3021 13
3106 137
3191 262
3293 412
3361 512
3463 662
3531 762
131 29
235 179
304 279
407 429
476 529
579 678
665 803
769 36
855 161
959 311
1028 411
1131 561
1200 661
1303 811
1384 17
1488 167
1556 292
1660 417
1763 567
1832 667
1935 817
2045 41
2131 166
2217 291
2303 416
2390 541
2493 691
2562 791
2741 62
2811 162
2915 312
2985 437
3089 562
3176 687
3264 812
3395 63
3464 162
3569 313
38 412
143 563
230 687
317 813
417 37
504 162
591 287
696 437
765 537
869 687
939 812
1127 61
1196 160
1302 310
1372 410
1478 560
1566 685
1654 810
1769 67
1838 166
1944 316
2014 416
2119 566
2207 691
2295 816
2394 38
2481 163
2568 287
2673 437
2743 537
2848 687
2936 812
3032 60
3119 185
3207 310
3295 435
3400 585
3470 685
3575 835
155 63
243 188
349 338
419 437
526 587
614 712
720 862
808 62
897 187
985 312
1091 462
1162 562
1268 712
1339 812
1435 85
1505 185
1611 335
1682 435
1787 584
1894 735
1963 834
2157 87
2228 187
2335 337
2406 437
2513 587
2602 712
2708 862
3474 63
3591 213
68 313
185 463
263 563
379 713
457 838
3397 84
3467 184
3572 334
42 434
147 584
253 735
322 834
506 87
577 187
683 337
753 437
859 587
947 712
1035 837
1006 62
1093 187
1179 312
1266 462
1352 562
1456 712
1525 812
1567 84
1635 184
1738 334
1806 434
1909 584
2012 734
2080 834
2141 88
2208 187
2309 337
2377 437
2479 587
2564 712
2648 837
2753 62
2838 187
2923 312
3025 462
3092 562
3194 712
3262 812
3328 84
3395 184
3497 334
3563 433
81 608
166 734
250 858
302 87
386 212
469 337
553 462
653 612
720 712
820 862
944 62
1045 212
1112 312
1213 462
1279 561
1380 711
1464 836
1532 83
1633 234
1700 333
1801 484
1884 608
1968 733
2051 858
2135 87
2218 212
2301 337
2385 462
2485 612
2551 711
2652 862
2776 62
2877 212
2944 337
3044 462
3128 587
3212 737
3296 837
3365 83
3466 233
3533 333
33 483
117 608
200 733
283 857
395 87
478 211
578 361
645 461
745 611
813 712
912 861
968 62
1067 212
1134 312
1234 462
1317 587
1417 737
1484 837
1666 108
1768 233
1852 357
1937 483
2021 607
2123 758
2190 857
2284 112
2352 212
2452 362
2520 462
2620 612
2705 737
2805 887
2885 87
2985 236
3053 336
3153 486
3237 611
3338 761
3515 8
3583 107
86 258
170 382
255 507
340 632
442 782
510 882
597 112
682 237
784 387
851 486
953 636
1038 761
1122 886
1211 87
1313 237
1397 362
1482 487
1567 612
1669 762
1833 7
1926 132
2012 257
2098 382
2201 532
2269 631
2372 781
2458 906
2553 136
2638 261
2741 411
2809 511
2912 661
2981 761
3097 12
3183 137
3268 262
3371 412
3440 512
3542 662
27 786
126 32
211 156
297 281
383 406
486 556
554 656
657 806
804 12
907 162
976 262
1080 412
1149 512
1253 662
1339 787
1421 13
1524 163
1592 262
1696 413
1764 512
1868 663
1953 787
2050 32
2135 156
2221 281
2307 406
2410 556
2479 656
2582 806
2726 12
2830 162
2916 286
3020 436
3089 536
3193 686
3263 786
3359 37
3446 163
3532 287
36 437
105 537
208 687
277 812
374 56
443 156
547 306
632 430
718 555
804 680
891 830
983 36
1069 161
1155 286
1241 411
1326 536
1430 686